800180553;162952322381731;1;41768796;;893805;15/11/2016;0;6;800180553;EPS008;41768796_20161115_000.pdf
800180553;163136317503871;3;1014992705;;893805;15/11/2016;0;6;800180553;EPS008;1014992705_20161115_000.pdf
800180553;163097198395904;1;41402619;;893805;15/11/2016;0;6;800180553;EPS008;41402619_20161115_000.pdf
800180553;163156555538781;1;24987278;;893805;17/11/2016;0;6;800180553;EPS008;24987278_20161117_000.pdf
800180553;163146814633122;1;52343096;;893805;19/11/2016;0;6;800180553;EPS008;52343096_20161119_000.pdf
800180553;162952322381731;1;41768796;;893805;15/11/2016;0;6;800180553;EPS008;41768796_20161115_000.pdf
800180553;163136317503871;3;1014992705;;893805;15/11/2016;0;6;800180553;EPS008;1014992705_20161115_000.pdf
800180553;163206801677850;3;1011091233;;893805;17/11/2016;0;6;800180553;EPS008;1011091233_20161117_000.pdf
800180553;162927198540452;1;41476746;;893805;17/11/2016;0;6;800180553;EPS008;41476746_20161117_000.pdf
800180553;163097198395904;1;41402619;;893805;15/11/2016;0;6;800180553;EPS008;41402619_20161115_000.pdf
800180553;163141024401341;1;52496381;;893805;21/11/2016;0;6;800180553;EPS008;52496381_20161121_000.pdf
800180553;163226285518950;3;1013098057;;893805;22/11/2016;0;6;800180553;EPS008;1013098057_20161122_000.pdf
800180553;163161759595856;1;21066854;;893805;16/11/2016;0;6;800180553;EPS008;21066854_20161116_000.pdf
800180553;163232197412273;1;41571168;;893805;22/11/2016;0;6;800180553;EPS008;41571168_20161122_000.pdf
800180553;163161315470885;1;1032418885;;893805;22/11/2016;0;6;800180553;EPS008;1032418885_20161122_000.pdf
800180553;163059521564828;1;52700242;;893805;17/11/2016;0;6;800180553;EPS008;52700242_20161117_000.pdf
800180553;163168050348932;1;41383894;;893805;18/11/2016;0;6;800180553;EPS008;41383894_20161118_001.pdf
800180553;162993636410057;1;23730096;;893805;17/11/2016;0;6;800180553;EPS008;23730096_20161117_000.pdf
800180553;163266813249390;1;41360065;;893805;22/11/2016;0;6;800180553;EPS008;41360065_20161122_000.pdf
800180553;163162788329161;1;19141558;;893805;17/11/2016;0;6;800180553;EPS008;19141558_20161117_000.pdf
800180553;163232785327511;1;220244;;893805;21/11/2016;0;6;800180553;EPS008;220244_20161121_000.pdf
800180553;162986812309349;3;1013262682;;893805;16/11/2016;0;6;800180553;EPS008;1013262682_20161116_000.pdf
800180553;163214500567810;3;99122202492;;893805;17/11/2016;0;6;800180553;EPS008;99122202492_20161117_000.pdf
800180553;163147197311019;7;1141338371;;893805;22/11/2016;0;6;800180553;EPS008;1141338371_20161122_000.pdf
800180553;163147196311025;1;19093117;;893805;16/11/2016;0;6;800180553;EPS008;19093117_20161116_000.pdf
800180553;163207358637875;1;20310341;;893805;21/11/2016;0;6;800180553;EPS008;20310341_20161121_000.pdf
800180553;163157230610765;1;41474801;;893805;15/11/2016;0;6;800180553;EPS008;41474801_20161115_000.pdf
800180553;163088050342383;7;1016958600;;893805;21/11/2016;0;6;800180553;EPS008;1016958600_20161121_000.pdf
800180553;163016366430026;3;1147485694;;893805;19/11/2016;0;6;800180553;EPS008;1147485694_20161119_000.pdf
800180553;163162286554145;1;20538413;;893805;21/11/2016;0;6;800180553;EPS008;20538413_20161121_000.pdf
800180553;163168050348932;1;41383894;;893805;18/11/2016;0;6;800180553;EPS008;41383894_20161118_001.pdf
800180553;163207191376366;1;54696;;893805;17/11/2016;0;6;800180553;EPS008;54696_20161117_000.pdf
800180553;163141025430724;3;1000954286;;893805;17/11/2016;0;6;800180553;EPS008;1000954286_20161117_000.pdf
800180553;162847162478742;1;51624502;;893805;19/11/2016;0;6;800180553;EPS008;51624502_20161119_000.pdf
800180553;163071025525336;1;20279894;;893805;15/11/2016;0;6;800180553;EPS008;20279894_20161115_000.pdf
800180553;163148004393429;1;41328694;;893805;17/11/2016;0;6;800180553;EPS008;41328694_20161117_000.pdf
800180553;163101074478770;1;35490028;;893805;15/11/2016;0;6;800180553;EPS008;35490028_20161115_000.pdf
800180553;163151120590236;3;1012361876;;893805;21/11/2016;0;6;800180553;EPS008;1012361876_20161121_000.pdf
800180553;163167352540992;1;20246457;;893805;16/11/2016;0;6;800180553;EPS008;20246457_20161116_000.pdf
800180553;163271013355207;7;1140923334;;893805;23/11/2016;0;6;800180553;EPS008;1140923334_20161123_000.pdf
800180553;163244339422352;1;20302613;;893805;22/11/2016;0;6;800180553;EPS008;20302613_20161122_000.pdf
800180553;163267352419428;7;1029140306;;893805;22/11/2016;0;6;800180553;EPS008;1029140306_20161122_000.pdf
800180553;162951075301510;1;427081;;893805;21/11/2016;0;6;800180553;EPS008;427081_20161121_000.pdf
800180553;163246272368773;1;19404695;;893805;22/11/2016;0;6;800180553;EPS008;19404695_20161122_000.pdf
800180553;163226552455229;1;79261837;;893805;21/11/2016;0;6;800180553;EPS008;79261837_20161121_000.pdf
800180553;163151111292155;1;1062639;;893805;16/11/2016;0;6;800180553;EPS008;1062639_20161116_000.pdf
800180553;163096550521593;1;41597419;;893805;18/11/2016;0;6;800180553;EPS008;41597419_20161118_000.pdf
800180553;163231351328249;1;20298866;;893805;21/11/2016;0;6;800180553;EPS008;20298866_20161121_000.pdf
800180553;163166818447651;1;41496058;;893805;18/11/2016;0;6;800180553;EPS008;41496058_20161118_000.pdf
800180553;163143579369373;1;19061873;;893805;21/11/2016;0;6;800180553;EPS008;19061873_20161121_000.pdf
800180553;162946884418668;1;30956043;;893805;17/11/2016;0;6;800180553;EPS008;30956043_20161117_000.pdf
800180553;163246862428448;1;21068543;;893805;23/11/2016;0;6;800180553;EPS008;21068543_20161123_000.pdf
800180553;163227198682867;1;65752020;;893805;22/11/2016;0;6;800180553;EPS008;65752020_20161122_000.pdf
800180553;163077162359597;1;17027324;;893805;17/11/2016;0;6;800180553;EPS008;17027324_20161117_000.pdf
800180553;163026555382568;1;1024590505;;893805;23/11/2016;0;6;800180553;EPS008;1024590505_20161123_000.pdf
800180553;163177195467203;1;80825164;;893805;17/11/2016;0;6;800180553;EPS008;80825164_2016111.pdf
800180553;163079980601067;1;1057544661;;893805;21/11/2016;0;6;800180553;EPS008;1057544661_20161121_000.pdf
800180553;PARA ANULAR;1;1026279601;;893805;16/11/2016;0;6;800180553;EPS008;1026279601_20161116_000.pdf
800180553;163142118559382;1;51708591;;893805;21/11/2016;0;6;800180553;EPS008;51708591_20161121_000.pdf
800180553;163203330363975;1;28991543;;893805;22/11/2016;0;6;800180553;EPS008;28991543_20161122_000.pdf
800180553;163211025546831;7;1145927446;;893805;23/11/2016;0;6;800180553;EPS008;1145927446_20161123_000.pdf
800180553;162933388429585;1;19208483;;893805;17/11/2016;0;6;800180553;EPS008;19208483_20161117_000.pdf
800180553;163226550558529;1;20072290;;893805;22/11/2016;0;6;800180553;EPS008;20072290_20161122_000.pdf
800180553;163167195373062;1;41549468;;893805;17/11/2016;0;6;800180553;EPS008;41549468_20161117_000.pdf
800180553;163154500287872;1;24163322;;893805;16/11/2016;0;6;800180553;EPS008;24163322_20161116_000.pdf
800180553;162997196320089;1;21164682;;893805;18/11/2016;0;6;800180553;EPS008;21164682_20161118_000.pdf
800180553;163027162645008;1;12268832;;893805;18/11/2016;0;6;800180553;EPS008;12268832_20161118_000.pdf
800180553;162987359299941;1;28811016;;893805;15/11/2016;0;6;800180553;EPS008;28811016_20161115_000.pdf
800180553;163217161224564;3;1104419066;;893805;16/11/2016;0;6;800180553;EPS008;1104419066_20161116_000.pdf
800180553;163008004430168;3;1014477510;;893805;21/11/2016;0;6;800180553;EPS008;1014477510_20161121_000.pdf
800180553;163207007316433;1;79628331;;893805;16/11/2016;0;6;800180553;EPS008;79628331_20161116_000.pdf
800180553;163207650616213;1;19221758;;893805;17/11/2016;0;6;800180553;EPS008;19221758_20161117_000.pdf
800180553;163096812361634;1;20283080;;893805;23/11/2016;0;6;800180553;EPS008;20283080_20161123_000.pdf
800180553;163271110509682;1;14205945;;893805;23/11/2016;0;6;800180553;EPS008;14205945_20161123_000.pdf
800180553;163161016574590;1;41655168;;893805;15/11/2016;0;6;800180553;EPS008;41655168_20161115_000.pdf
800180553;163206813470558;1;41793586;;893805;16/11/2016;0;6;800180553;EPS008;41793586_20161116_000.pdf
800180553;163211363519723;3;1000183230;;893805;23/11/2016;0;6;800180553;EPS008;1000183230_20161123_000.pdf
800180553;163157230610765;1;41474801;;893805;16/11/2016;0;6;800180553;EPS008;41474801_20161116_000.pdf
800180553;163102045469863;1;41531890;;893805;18/11/2016;0;6;800180553;EPS008;41531890_20161118_000.pdf
800180553;163088004349126;1;20713694;;893805;22/11/2016;0;6;800180553;EPS008;20713694_20161122_000.pdf
800180553;162856550425609;1;8674536;;893805;15/11/2016;0;6;800180553;EPS008;8674536_20161115_000.pdf
800180553;163238004397422;1;21111179;;893805;22/11/2016;0;6;800180553;EPS008;21111179_20161122_000.pdf
800180553;163137194409619;1;41479354;;893805;15/11/2016;0;6;800180553;EPS008;41479354_20161115_000.pdf
800180553;163172118288345;1;41442975;;893805;22/11/2016;0;6;800180553;EPS008;41442975_20161122_002.pdf
800180553;163216862643516;1;17195942;;893805;18/11/2016;0;6;800180553;EPS008;17195942_20161118_000.pdf
800180553;163229975610587;3;1010966167;;893805;22/11/2016;0;6;800180553;EPS008;1010966167_20161122_000.pdf
800180553;163001413503513;9;711100;;893805;16/11/2016;0;6;800180553;EPS008;711100_20161116_000.pdf
800180553;163001415513583;7;1141329393;;893805;18/11/2016;0;6;800180553;EPS008;1141329393_20161118_000.pdf
800180553;162921228269699;1;3030460;;893805;16/11/2016;0;6;800180553;EPS008;3030460_20161116_000.pdf
800180553;163051759432958;1;51831672;;893805;16/11/2016;0;6;800180553;EPS008;51831672_20161116_000.pdf
800180553;162946862632646;1;18923628;;893805;18/11/2016;0;6;800180553;EPS008;18923628_20161118_000.pdf
800180553;163072788457861;1;20189476;;893805;17/11/2016;0;6;800180553;EPS008;20189476_20161117_000.pdf
800180553;163177195360589;1;20088781;;893805;22/11/2016;0;6;800180553;EPS008;20088781_20161122_000.pdf
800180553;162992788577793;1;17124996;;893805;21/11/2016;0;6;800180553;EPS008;17124996_20161121_000.pdf
800180553;163231754435191;1;20007224;;893805;21/11/2016;0;6;800180553;EPS008;20007224_20161121_000.pdf
800180553;163156317300792;1;41386550;;893805;15/11/2016;0;6;800180553;EPS008;41386550_20161115_000.pdf
800180553;163212785440931;1;22307368;;893805;18/11/2016;0;6;800180553;EPS008;22307368_20161118_000.pdf
800180553;163261074444587;1;41414926;;893805;23/11/2016;0;6;800180553;EPS008;41414926_20161123_000.pdf
800180553;163172788340422;1;51893859;;893805;18/11/2016;0;6;800180553;EPS008;51893859_20161118_000.pdf
800180553;163098004361481;1;4933855;;893805;21/11/2016;0;6;800180553;EPS008;4933855_20161121_000.pdf
800180553;162969976424192;3;1145924263;;893805;18/11/2016;0;6;800180553;EPS008;1145924263_20161118_000.pdf
800180553;163226552514874;1;41572960;;893805;21/11/2016;0;6;800180553;EPS008;41572960_20161121_000.pdf
800180553;162127162317505;1;21174199;;893805;23/11/2016;0;6;800180553;EPS008;21174199_20161123_000.pdf
800180553;163207162390955;1;1072366319;;893805;22/11/2016;0;6;800180553;EPS008;1072366319_20161122_000.pdf
800180553;163237194400549;3;1030580079;;893805;22/11/2016;0;6;800180553;EPS008;1030580079_20161122_000.pdf
800180553;162871655519571;1;23845264;;893805;15/11/2016;0;6;800180553;EPS008;23845264_20161115_000.pdf
800180553;163202788360922;1;4274809;;893805;18/11/2016;0;6;800180553;EPS008;4274809_20161118_000.pdf
800180553;163206550325144;1;35463897;;893805;16/11/2016;0;6;800180553;EPS008;35463897_20161116_000.pdf
800180553;163161655323304;1;41483293;;893805;15/11/2016;0;6;800180553;EPS008;41483293_20161115_000.pdf
800180553;163203330596560;1;19089229;;893805;22/11/2016;0;6;800180553;EPS008;19089229_20161122_000.pdf
800180553;163156555538781;1;24987278;;893805;17/11/2016;0;6;800180553;EPS008;24987278_20161117_000.pdf
800180553;163146814633122;1;52343096;;893805;19/11/2016;0;6;800180553;EPS008;52343096_20161119_000.pdf
800180553;162952322381731;1;41768796;;893805;15/11/2016;0;6;800180553;EPS008;41768796_20161115_000.pdf
800180553;163136317503871;3;1014992705;;893805;15/11/2016;0;6;800180553;EPS008;1014992705_20161115_000.pdf
800180553;163206801677850;3;1011091233;;893805;17/11/2016;0;6;800180553;EPS008;1011091233_20161117_000.pdf
800180553;162927198540452;1;41476746;;893805;17/11/2016;0;6;800180553;EPS008;41476746_20161117_000.pdf
800180553;163097198395904;1;41402619;;893805;15/11/2016;0;6;800180553;EPS008;41402619_20161115_000.pdf
800180553;163141024401341;1;52496381;;893805;21/11/2016;0;6;800180553;EPS008;52496381_20161121_000.pdf
800180553;163226285518950;3;1013098057;;893805;22/11/2016;0;6;800180553;EPS008;1013098057_20161122_000.pdf
800180553;163161759595856;1;21066854;;893805;16/11/2016;0;6;800180553;EPS008;21066854_20161116_000.pdf
800180553;163232197412273;1;41571168;;893805;22/11/2016;0;6;800180553;EPS008;41571168_20161122_000.pdf
800180553;163161315470885;1;1032418885;;893805;22/11/2016;0;6;800180553;EPS008;1032418885_20161122_000.pdf
800180553;163059521564828;1;52700242;;893805;17/11/2016;0;6;800180553;EPS008;52700242_20161117_000.pdf
800180553;163168050348932;1;41383894;;893805;18/11/2016;0;6;800180553;EPS008;41383894_20161118_001.pdf
800180553;162993636410057;1;23730096;;893805;17/11/2016;0;6;800180553;EPS008;23730096_20161117_000.pdf
800180553;163266813249390;1;41360065;;893805;22/11/2016;0;6;800180553;EPS008;41360065_20161122_000.pdf
800180553;163162788329161;1;19141558;;893805;17/11/2016;0;6;800180553;EPS008;19141558_20161117_000.pdf
800180553;163232785327511;1;220244;;893805;21/11/2016;0;6;800180553;EPS008;220244_20161121_000.pdf
800180553;162986812309349;3;1013262682;;893805;16/11/2016;0;6;800180553;EPS008;1013262682_20161116_000.pdf
800180553;163214500567810;3;99122202492;;893805;17/11/2016;0;6;800180553;EPS008;99122202492_20161117_000.pdf
800180553;163147197311019;7;1141338371;;893805;22/11/2016;0;6;800180553;EPS008;1141338371_20161122_000.pdf
800180553;163147196311025;1;19093117;;893805;16/11/2016;0;6;800180553;EPS008;19093117_20161116_000.pdf
800180553;163207358637875;1;20310341;;893805;21/11/2016;0;6;800180553;EPS008;20310341_20161121_000.pdf
800180553;163157230610765;1;41474801;;893805;15/11/2016;0;6;800180553;EPS008;41474801_20161115_000.pdf
800180553;163088050342383;7;1016958600;;893805;21/11/2016;0;6;800180553;EPS008;1016958600_20161121_000.pdf
800180553;163016366430026;3;1147485694;;893805;19/11/2016;0;6;800180553;EPS008;1147485694_20161119_000.pdf
800180553;163162286554145;1;20538413;;893805;21/11/2016;0;6;800180553;EPS008;20538413_20161121_000.pdf
800180553;163168050348932;1;41383894;;893805;18/11/2016;0;6;800180553;EPS008;41383894_20161118_001.pdf
800180553;163207191376366;1;54696;;893805;17/11/2016;0;6;800180553;EPS008;54696_20161117_000.pdf
800180553;163141025430724;3;1000954286;;893805;17/11/2016;0;6;800180553;EPS008;1000954286_20161117_000.pdf
800180553;162847162478742;1;51624502;;893805;19/11/2016;0;6;800180553;EPS008;51624502_20161119_000.pdf
800180553;163071025525336;1;20279894;;893805;15/11/2016;0;6;800180553;EPS008;20279894_20161115_000.pdf
800180553;163148004393429;1;41328694;;893805;17/11/2016;0;6;800180553;EPS008;41328694_20161117_000.pdf
800180553;163101074478770;1;35490028;;893805;15/11/2016;0;6;800180553;EPS008;35490028_20161115_000.pdf
800180553;163151120590236;3;1012361876;;893805;21/11/2016;0;6;800180553;EPS008;1012361876_20161121_000.pdf
800180553;163167352540992;1;20246457;;893805;16/11/2016;0;6;800180553;EPS008;20246457_20161116_000.pdf
800180553;163271013355207;7;1140923334;;893805;23/11/2016;0;6;800180553;EPS008;1140923334_20161123_000.pdf
800180553;163244339422352;1;20302613;;893805;22/11/2016;0;6;800180553;EPS008;20302613_20161122_000.pdf
800180553;163267352419428;7;1029140306;;893805;22/11/2016;0;6;800180553;EPS008;1029140306_20161122_000.pdf
800180553;162951075301510;1;427081;;893805;21/11/2016;0;6;800180553;EPS008;427081_20161121_000.pdf
800180553;163246272368773;1;19404695;;893805;22/11/2016;0;6;800180553;EPS008;19404695_20161122_000.pdf
800180553;163226552455229;1;79261837;;893805;21/11/2016;0;6;800180553;EPS008;79261837_20161121_000.pdf
800180553;163151111292155;1;1062639;;893805;16/11/2016;0;6;800180553;EPS008;1062639_20161116_000.pdf
800180553;163096550521593;1;41597419;;893805;18/11/2016;0;6;800180553;EPS008;41597419_20161118_000.pdf
800180553;163231351328249;1;20298866;;893805;21/11/2016;0;6;800180553;EPS008;20298866_20161121_000.pdf
800180553;163166818447651;1;41496058;;893805;18/11/2016;0;6;800180553;EPS008;41496058_20161118_000.pdf
800180553;163143579369373;1;19061873;;893805;21/11/2016;0;6;800180553;EPS008;19061873_20161121_000.pdf
800180553;162946884418668;1;30956043;;893805;17/11/2016;0;6;800180553;EPS008;30956043_20161117_000.pdf
800180553;163246862428448;1;21068543;;893805;23/11/2016;0;6;800180553;EPS008;21068543_20161123_000.pdf
800180553;163227198682867;1;65752020;;893805;22/11/2016;0;6;800180553;EPS008;65752020_20161122_000.pdf
800180553;163077162359597;1;17027324;;893805;17/11/2016;0;6;800180553;EPS008;17027324_20161117_000.pdf
800180553;163026555382568;1;1024590505;;893805;23/11/2016;0;6;800180553;EPS008;1024590505_20161123_000.pdf
800180553;163177195467203;1;80825164;;893805;17/11/2016;0;6;800180553;EPS008;80825164_2016111.pdf
800180553;163079980601067;1;1057544661;;893805;21/11/2016;0;6;800180553;EPS008;1057544661_20161121_000.pdf
800180553;PARA ANULAR;1;1026279601;;893805;16/11/2016;0;6;800180553;EPS008;1026279601_20161116_000.pdf
800180553;163142118559382;1;51708591;;893805;21/11/2016;0;6;800180553;EPS008;51708591_20161121_000.pdf
800180553;163203330363975;1;28991543;;893805;22/11/2016;0;6;800180553;EPS008;28991543_20161122_000.pdf
800180553;163211025546831;7;1145927446;;893805;23/11/2016;0;6;800180553;EPS008;1145927446_20161123_000.pdf
800180553;162933388429585;1;19208483;;893805;17/11/2016;0;6;800180553;EPS008;19208483_20161117_000.pdf
800180553;163226550558529;1;20072290;;893805;22/11/2016;0;6;800180553;EPS008;20072290_20161122_000.pdf
800180553;163167195373062;1;41549468;;893805;17/11/2016;0;6;800180553;EPS008;41549468_20161117_000.pdf
800180553;163154500287872;1;24163322;;893805;16/11/2016;0;6;800180553;EPS008;24163322_20161116_000.pdf
800180553;162997196320089;1;21164682;;893805;18/11/2016;0;6;800180553;EPS008;21164682_20161118_000.pdf
800180553;163027162645008;1;12268832;;893805;18/11/2016;0;6;800180553;EPS008;12268832_20161118_000.pdf
800180553;162987359299941;1;28811016;;893805;15/11/2016;0;6;800180553;EPS008;28811016_20161115_000.pdf
800180553;163217161224564;3;1104419066;;893805;16/11/2016;0;6;800180553;EPS008;1104419066_20161116_000.pdf
800180553;163008004430168;3;1014477510;;893805;21/11/2016;0;6;800180553;EPS008;1014477510_20161121_000.pdf
800180553;163207007316433;1;79628331;;893805;16/11/2016;0;6;800180553;EPS008;79628331_20161116_000.pdf
800180553;163207650616213;1;19221758;;893805;17/11/2016;0;6;800180553;EPS008;19221758_20161117_000.pdf
800180553;163096812361634;1;20283080;;893805;23/11/2016;0;6;800180553;EPS008;20283080_20161123_000.pdf
800180553;163271110509682;1;14205945;;893805;23/11/2016;0;6;800180553;EPS008;14205945_20161123_000.pdf
800180553;163161016574590;1;41655168;;893805;15/11/2016;0;6;800180553;EPS008;41655168_20161115_000.pdf
800180553;163206813470558;1;41793586;;893805;16/11/2016;0;6;800180553;EPS008;41793586_20161116_000.pdf
800180553;163211363519723;3;1000183230;;893805;23/11/2016;0;6;800180553;EPS008;1000183230_20161123_000.pdf
800180553;163157230610765;1;41474801;;893805;16/11/2016;0;6;800180553;EPS008;41474801_20161116_000.pdf
800180553;163102045469863;1;41531890;;893805;18/11/2016;0;6;800180553;EPS008;41531890_20161118_000.pdf
800180553;163088004349126;1;20713694;;893805;22/11/2016;0;6;800180553;EPS008;20713694_20161122_000.pdf
800180553;162856550425609;1;8674536;;893805;15/11/2016;0;6;800180553;EPS008;8674536_20161115_000.pdf
800180553;163238004397422;1;21111179;;893805;22/11/2016;0;6;800180553;EPS008;21111179_20161122_000.pdf
800180553;163137194409619;1;41479354;;893805;15/11/2016;0;6;800180553;EPS008;41479354_20161115_000.pdf
800180553;163172118288345;1;41442975;;893805;22/11/2016;0;6;800180553;EPS008;41442975_20161122_002.pdf
800180553;163216862643516;1;17195942;;893805;18/11/2016;0;6;800180553;EPS008;17195942_20161118_000.pdf
800180553;163229975610587;3;1010966167;;893805;22/11/2016;0;6;800180553;EPS008;1010966167_20161122_000.pdf
800180553;163001413503513;9;711100;;893805;16/11/2016;0;6;800180553;EPS008;711100_20161116_000.pdf
800180553;163001415513583;7;1141329393;;893805;18/11/2016;0;6;800180553;EPS008;1141329393_20161118_000.pdf
800180553;162921228269699;1;3030460;;893805;16/11/2016;0;6;800180553;EPS008;3030460_20161116_000.pdf
800180553;163051759432958;1;51831672;;893805;16/11/2016;0;6;800180553;EPS008;51831672_20161116_000.pdf
800180553;162946862632646;1;18923628;;893805;18/11/2016;0;6;800180553;EPS008;18923628_20161118_000.pdf
800180553;163072788457861;1;20189476;;893805;17/11/2016;0;6;800180553;EPS008;20189476_20161117_000.pdf
800180553;163177195360589;1;20088781;;893805;22/11/2016;0;6;800180553;EPS008;20088781_20161122_000.pdf
800180553;162992788577793;1;17124996;;893805;21/11/2016;0;6;800180553;EPS008;17124996_20161121_000.pdf
800180553;163231754435191;1;20007224;;893805;21/11/2016;0;6;800180553;EPS008;20007224_20161121_000.pdf
800180553;163156317300792;1;41386550;;893805;15/11/2016;0;6;800180553;EPS008;41386550_20161115_000.pdf
800180553;163212785440931;1;22307368;;893805;18/11/2016;0;6;800180553;EPS008;22307368_20161118_000.pdf
800180553;163261074444587;1;41414926;;893805;23/11/2016;0;6;800180553;EPS008;41414926_20161123_000.pdf
800180553;163172788340422;1;51893859;;893805;18/11/2016;0;6;800180553;EPS008;51893859_20161118_000.pdf
800180553;163098004361481;1;4933855;;893805;21/11/2016;0;6;800180553;EPS008;4933855_20161121_000.pdf
800180553;162969976424192;3;1145924263;;893805;18/11/2016;0;6;800180553;EPS008;1145924263_20161118_000.pdf
800180553;163226552514874;1;41572960;;893805;21/11/2016;0;6;800180553;EPS008;41572960_20161121_000.pdf
800180553;162127162317505;1;21174199;;893805;23/11/2016;0;6;800180553;EPS008;21174199_20161123_000.pdf
800180553;163207162390955;1;1072366319;;893805;22/11/2016;0;6;800180553;EPS008;1072366319_20161122_000.pdf
800180553;163237194400549;3;1030580079;;893805;22/11/2016;0;6;800180553;EPS008;1030580079_20161122_000.pdf
800180553;162871655519571;1;23845264;;893805;15/11/2016;0;6;800180553;EPS008;23845264_20161115_000.pdf
800180553;163202788360922;1;4274809;;893805;18/11/2016;0;6;800180553;EPS008;4274809_20161118_000.pdf
800180553;163206550325144;1;35463897;;893805;16/11/2016;0;6;800180553;EPS008;35463897_20161116_000.pdf
800180553;163161655323304;1;41483293;;893805;15/11/2016;0;6;800180553;EPS008;41483293_20161115_000.pdf
800180553;163203330596560;1;19089229;;893805;22/11/2016;0;6;800180553;EPS008;19089229_20161122_000.pdf
800180553;163156555538781;1;24987278;;893805;17/11/2016;0;6;800180553;EPS008;24987278_20161117_000.pdf
800180553;163146814633122;1;52343096;;893805;19/11/2016;0;6;800180553;EPS008;52343096_20161119_000.pdf
800180553;162952322381731;1;41768796;;893805;15/11/2016;0;6;800180553;EPS008;41768796_20161115_000.pdf
800180553;163136317503871;3;1014992705;;893805;15/11/2016;0;6;800180553;EPS008;1014992705_20161115_000.pdf
800180553;163206801677850;3;1011091233;;893805;17/11/2016;0;6;800180553;EPS008;1011091233_20161117_000.pdf
800180553;162927198540452;1;41476746;;893805;17/11/2016;0;6;800180553;EPS008;41476746_20161117_000.pdf
800180553;163097198395904;1;41402619;;893805;15/11/2016;0;6;800180553;EPS008;41402619_20161115_000.pdf
800180553;163141024401341;1;52496381;;893805;21/11/2016;0;6;800180553;EPS008;52496381_20161121_000.pdf
800180553;163226285518950;3;1013098057;;893805;22/11/2016;0;6;800180553;EPS008;1013098057_20161122_000.pdf
800180553;163161759595856;1;21066854;;893805;16/11/2016;0;6;800180553;EPS008;21066854_20161116_000.pdf
800180553;163232197412273;1;41571168;;893805;22/11/2016;0;6;800180553;EPS008;41571168_20161122_000.pdf
800180553;163161315470885;1;1032418885;;893805;22/11/2016;0;6;800180553;EPS008;1032418885_20161122_000.pdf
800180553;163059521564828;1;52700242;;893805;17/11/2016;0;6;800180553;EPS008;52700242_20161117_000.pdf
800180553;163168050348932;1;41383894;;893805;18/11/2016;0;6;800180553;EPS008;41383894_20161118_001.pdf
800180553;162993636410057;1;23730096;;893805;17/11/2016;0;6;800180553;EPS008;23730096_20161117_000.pdf
800180553;163266813249390;1;41360065;;893805;22/11/2016;0;6;800180553;EPS008;41360065_20161122_000.pdf
800180553;163162788329161;1;19141558;;893805;17/11/2016;0;6;800180553;EPS008;19141558_20161117_000.pdf
800180553;163232785327511;1;220244;;893805;21/11/2016;0;6;800180553;EPS008;220244_20161121_000.pdf
800180553;162986812309349;3;1013262682;;893805;16/11/2016;0;6;800180553;EPS008;1013262682_20161116_000.pdf
800180553;163214500567810;3;99122202492;;893805;17/11/2016;0;6;800180553;EPS008;99122202492_20161117_000.pdf
800180553;163147197311019;7;1141338371;;893805;22/11/2016;0;6;800180553;EPS008;1141338371_20161122_000.pdf
800180553;163147196311025;1;19093117;;893805;16/11/2016;0;6;800180553;EPS008;19093117_20161116_000.pdf
800180553;163207358637875;1;20310341;;893805;21/11/2016;0;6;800180553;EPS008;20310341_20161121_000.pdf
800180553;163157230610765;1;41474801;;893805;15/11/2016;0;6;800180553;EPS008;41474801_20161115_000.pdf
800180553;163088050342383;7;1016958600;;893805;21/11/2016;0;6;800180553;EPS008;1016958600_20161121_000.pdf
800180553;163016366430026;3;1147485694;;893805;19/11/2016;0;6;800180553;EPS008;1147485694_20161119_000.pdf
800180553;163162286554145;1;20538413;;893805;21/11/2016;0;6;800180553;EPS008;20538413_20161121_000.pdf
800180553;163168050348932;1;41383894;;893805;18/11/2016;0;6;800180553;EPS008;41383894_20161118_001.pdf
800180553;163207191376366;1;54696;;893805;17/11/2016;0;6;800180553;EPS008;54696_20161117_000.pdf
800180553;163141025430724;3;1000954286;;893805;17/11/2016;0;6;800180553;EPS008;1000954286_20161117_000.pdf
800180553;162847162478742;1;51624502;;893805;19/11/2016;0;6;800180553;EPS008;51624502_20161119_000.pdf
800180553;163071025525336;1;20279894;;893805;15/11/2016;0;6;800180553;EPS008;20279894_20161115_000.pdf
800180553;163148004393429;1;41328694;;893805;17/11/2016;0;6;800180553;EPS008;41328694_20161117_000.pdf
800180553;163101074478770;1;35490028;;893805;15/11/2016;0;6;800180553;EPS008;35490028_20161115_000.pdf
800180553;163151120590236;3;1012361876;;893805;21/11/2016;0;6;800180553;EPS008;1012361876_20161121_000.pdf
800180553;163167352540992;1;20246457;;893805;16/11/2016;0;6;800180553;EPS008;20246457_20161116_000.pdf
800180553;163271013355207;7;1140923334;;893805;23/11/2016;0;6;800180553;EPS008;1140923334_20161123_000.pdf
800180553;163244339422352;1;20302613;;893805;22/11/2016;0;6;800180553;EPS008;20302613_20161122_000.pdf
800180553;163267352419428;7;1029140306;;893805;22/11/2016;0;6;800180553;EPS008;1029140306_20161122_000.pdf
800180553;162951075301510;1;427081;;893805;21/11/2016;0;6;800180553;EPS008;427081_20161121_000.pdf
800180553;163246272368773;1;19404695;;893805;22/11/2016;0;6;800180553;EPS008;19404695_20161122_000.pdf
800180553;163226552455229;1;79261837;;893805;21/11/2016;0;6;800180553;EPS008;79261837_20161121_000.pdf
800180553;163151111292155;1;1062639;;893805;16/11/2016;0;6;800180553;EPS008;1062639_20161116_000.pdf
800180553;163096550521593;1;41597419;;893805;18/11/2016;0;6;800180553;EPS008;41597419_20161118_000.pdf
800180553;163231351328249;1;20298866;;893805;21/11/2016;0;6;800180553;EPS008;20298866_20161121_000.pdf
800180553;163166818447651;1;41496058;;893805;18/11/2016;0;6;800180553;EPS008;41496058_20161118_000.pdf
800180553;163143579369373;1;19061873;;893805;21/11/2016;0;6;800180553;EPS008;19061873_20161121_000.pdf
800180553;162946884418668;1;30956043;;893805;17/11/2016;0;6;800180553;EPS008;30956043_20161117_000.pdf
800180553;163246862428448;1;21068543;;893805;23/11/2016;0;6;800180553;EPS008;21068543_20161123_000.pdf
800180553;163227198682867;1;65752020;;893805;22/11/2016;0;6;800180553;EPS008;65752020_20161122_000.pdf
800180553;163077162359597;1;17027324;;893805;17/11/2016;0;6;800180553;EPS008;17027324_20161117_000.pdf
800180553;163026555382568;1;1024590505;;893805;23/11/2016;0;6;800180553;EPS008;1024590505_20161123_000.pdf
800180553;163177195467203;1;80825164;;893805;17/11/2016;0;6;800180553;EPS008;80825164_2016111.pdf
800180553;163079980601067;1;1057544661;;893805;21/11/2016;0;6;800180553;EPS008;1057544661_20161121_000.pdf
800180553;PARA ANULAR;1;1026279601;;893805;16/11/2016;0;6;800180553;EPS008;1026279601_20161116_000.pdf
800180553;163142118559382;1;51708591;;893805;21/11/2016;0;6;800180553;EPS008;51708591_20161121_000.pdf
800180553;163203330363975;1;28991543;;893805;22/11/2016;0;6;800180553;EPS008;28991543_20161122_000.pdf
800180553;163211025546831;7;1145927446;;893805;23/11/2016;0;6;800180553;EPS008;1145927446_20161123_000.pdf
800180553;162933388429585;1;19208483;;893805;17/11/2016;0;6;800180553;EPS008;19208483_20161117_000.pdf
800180553;163226550558529;1;20072290;;893805;22/11/2016;0;6;800180553;EPS008;20072290_20161122_000.pdf
800180553;163167195373062;1;41549468;;893805;17/11/2016;0;6;800180553;EPS008;41549468_20161117_000.pdf
800180553;163154500287872;1;24163322;;893805;16/11/2016;0;6;800180553;EPS008;24163322_20161116_000.pdf
800180553;162997196320089;1;21164682;;893805;18/11/2016;0;6;800180553;EPS008;21164682_20161118_000.pdf
800180553;163027162645008;1;12268832;;893805;18/11/2016;0;6;800180553;EPS008;12268832_20161118_000.pdf
800180553;162987359299941;1;28811016;;893805;15/11/2016;0;6;800180553;EPS008;28811016_20161115_000.pdf
800180553;163217161224564;3;1104419066;;893805;16/11/2016;0;6;800180553;EPS008;1104419066_20161116_000.pdf
800180553;163008004430168;3;1014477510;;893805;21/11/2016;0;6;800180553;EPS008;1014477510_20161121_000.pdf
800180553;163207007316433;1;79628331;;893805;16/11/2016;0;6;800180553;EPS008;79628331_20161116_000.pdf
800180553;163207650616213;1;19221758;;893805;17/11/2016;0;6;800180553;EPS008;19221758_20161117_000.pdf
800180553;163096812361634;1;20283080;;893805;23/11/2016;0;6;800180553;EPS008;20283080_20161123_000.pdf
800180553;163271110509682;1;14205945;;893805;23/11/2016;0;6;800180553;EPS008;14205945_20161123_000.pdf
800180553;163161016574590;1;41655168;;893805;15/11/2016;0;6;800180553;EPS008;41655168_20161115_000.pdf
800180553;163206813470558;1;41793586;;893805;16/11/2016;0;6;800180553;EPS008;41793586_20161116_000.pdf
800180553;163211363519723;3;1000183230;;893805;23/11/2016;0;6;800180553;EPS008;1000183230_20161123_000.pdf
800180553;163157230610765;1;41474801;;893805;16/11/2016;0;6;800180553;EPS008;41474801_20161116_000.pdf
800180553;163102045469863;1;41531890;;893805;18/11/2016;0;6;800180553;EPS008;41531890_20161118_000.pdf
800180553;163088004349126;1;20713694;;893805;22/11/2016;0;6;800180553;EPS008;20713694_20161122_000.pdf
800180553;162856550425609;1;8674536;;893805;15/11/2016;0;6;800180553;EPS008;8674536_20161115_000.pdf
800180553;163238004397422;1;21111179;;893805;22/11/2016;0;6;800180553;EPS008;21111179_20161122_000.pdf
800180553;163137194409619;1;41479354;;893805;15/11/2016;0;6;800180553;EPS008;41479354_20161115_000.pdf
800180553;163172118288345;1;41442975;;893805;22/11/2016;0;6;800180553;EPS008;41442975_20161122_002.pdf
800180553;163216862643516;1;17195942;;893805;18/11/2016;0;6;800180553;EPS008;17195942_20161118_000.pdf
800180553;163229975610587;3;1010966167;;893805;22/11/2016;0;6;800180553;EPS008;1010966167_20161122_000.pdf
800180553;163001413503513;9;711100;;893805;16/11/2016;0;6;800180553;EPS008;711100_20161116_000.pdf
800180553;163001415513583;7;1141329393;;893805;18/11/2016;0;6;800180553;EPS008;1141329393_20161118_000.pdf
800180553;162921228269699;1;3030460;;893805;16/11/2016;0;6;800180553;EPS008;3030460_20161116_000.pdf
800180553;163051759432958;1;51831672;;893805;16/11/2016;0;6;800180553;EPS008;51831672_20161116_000.pdf
800180553;162946862632646;1;18923628;;893805;18/11/2016;0;6;800180553;EPS008;18923628_20161118_000.pdf
800180553;163072788457861;1;20189476;;893805;17/11/2016;0;6;800180553;EPS008;20189476_20161117_000.pdf
800180553;163177195360589;1;20088781;;893805;22/11/2016;0;6;800180553;EPS008;20088781_20161122_000.pdf
800180553;162992788577793;1;17124996;;893805;21/11/2016;0;6;800180553;EPS008;17124996_20161121_000.pdf
800180553;163231754435191;1;20007224;;893805;21/11/2016;0;6;800180553;EPS008;20007224_20161121_000.pdf
800180553;163156317300792;1;41386550;;893805;15/11/2016;0;6;800180553;EPS008;41386550_20161115_000.pdf
800180553;163212785440931;1;22307368;;893805;18/11/2016;0;6;800180553;EPS008;22307368_20161118_000.pdf
800180553;163261074444587;1;41414926;;893805;23/11/2016;0;6;800180553;EPS008;41414926_20161123_000.pdf
800180553;163172788340422;1;51893859;;893805;18/11/2016;0;6;800180553;EPS008;51893859_20161118_000.pdf
800180553;163098004361481;1;4933855;;893805;21/11/2016;0;6;800180553;EPS008;4933855_20161121_000.pdf
800180553;162969976424192;3;1145924263;;893805;18/11/2016;0;6;800180553;EPS008;1145924263_20161118_000.pdf
800180553;163226552514874;1;41572960;;893805;21/11/2016;0;6;800180553;EPS008;41572960_20161121_000.pdf
800180553;162127162317505;1;21174199;;893805;23/11/2016;0;6;800180553;EPS008;21174199_20161123_000.pdf
800180553;163207162390955;1;1072366319;;893805;22/11/2016;0;6;800180553;EPS008;1072366319_20161122_000.pdf
800180553;163237194400549;3;1030580079;;893805;22/11/2016;0;6;800180553;EPS008;1030580079_20161122_000.pdf
800180553;162871655519571;1;23845264;;893805;15/11/2016;0;6;800180553;EPS008;23845264_20161115_000.pdf
800180553;163202788360922;1;4274809;;893805;18/11/2016;0;6;800180553;EPS008;4274809_20161118_000.pdf
800180553;163206550325144;1;35463897;;893805;16/11/2016;0;6;800180553;EPS008;35463897_20161116_000.pdf
800180553;163161655323304;1;41483293;;893805;15/11/2016;0;6;800180553;EPS008;41483293_20161115_000.pdf
800180553;163203330596560;1;19089229;;893805;22/11/2016;0;6;800180553;EPS008;19089229_20161122_000.pdf
800180553;163162045458622;1;41553713;;893808;15/11/2016;0;6;800180553;EPS008;41553713_20161115_000.pdf
800180553;163226272612720;1;20279102;;893805;22/11/2016;0;6;800180553;EPS008;20279102_20161122_000.pdf
800180553;163146331465131;3;1017062039;;893805;16/11/2016;0;6;800180553;EPS008;1017062039_20161116_000.pdf
800180553;163203636445672;3;1014868948;;893805;16/11/2016;0;6;800180553;EPS008;1014868948_20161116_000.pdf
800180553;163151110528084;1;41471827;;893805;17/11/2016;0;6;800180553;EPS008;41471827_20161117_000.pdf
800180553;163156555366693;1;1006596;;893805;18/11/2016;0;6;800180553;EPS008;1006596_20161118_000.pdf
800180553;163201120494836;9;4974781;;893805;16/11/2016;0;6;800180553;EPS008;4974781_20161116_000.pdf
800180553;162317162655749;1;41593104;;893805;18/11/2016;0;6;800180553;EPS008;41593104_20161118_000.pdf
800180553;163086285397411;3;1000350583;;893805;18/11/2016;0;6;800180553;EPS008;1000350583_20161118_000.pdf
800180553;163234339400365;1;28479033;;893805;22/11/2016;0;6;800180553;EPS008;28479033_20161122_000.pdf
800180553;162891094312649;3;1010761588;;893805;17/11/2016;0;6;800180553;EPS008;1010761588_20161117_000.pdf
800180553;163216550513823;1;41318603;;893805;18/11/2016;0;6;800180553;EPS008;41318603_20161118_000.pdf
800180553;163206552527249;7;1028888133;;893805;22/11/2016;0;6;800180553;EPS008;1028888133_20161122_000.pdf
800180553;162982788308471;3;1000611661;;893805;16/11/2016;0;6;800180553;EPS008;1000611661_20161116_000.pdf
800180553;163091063374308;3;1021664580;;893805;22/11/2016;0;6;800180553;EPS008;1021664580_20161122_000.pdf
800180553;163239525294058;3;1000335649;;893805;22/11/2016;0;6;800180553;EPS008;1000335649_20161122_000.pdf
800180553;163262779653393;3;1007812282;;893805;23/11/2016;0;6;800180553;EPS008;1007812282_20161123_000.pdf
800180553;163168104325750;1;1020747280;;893805;22/11/2016;0;6;800180553;EPS008;1020747280_20161122_000.pdf
800180553;162877368442249;1;3616490;;893805;16/11/2016;0;6;800180553;EPS008;3616490_20161116_000.pdf
800180553;163212286379754;1;19223960;;893805;22/11/2016;0;6;800180553;EPS008;19223960_20161122_000.pdf
800180553;163207008399131;7;1034286127;;893805;16/11/2016;0;6;800180553;EPS008;1034286127_20161116_000.pdf
800180553;162926862408129;3;1034577395;;893805;19/11/2016;0;6;800180553;EPS008;1034577395_20161119_000.pdf
800180553;163261361481862;1;41391297;;893805;22/11/2016;0;6;800180553;EPS008;41391297_20161122_000.pdf
800180553;163157162631775;1;41545295;;893805;22/11/2016;0;6;800180553;EPS008;41545295_20161122_000.pdf
800180553;163011426651383;3;1011327714;;893805;17/11/2016;0;6;800180553;EPS008;1011327714_20161117_000.pdf
800180553;163143579381627;1;1019089113;;893805;16/11/2016;0;6;800180553;EPS008;1019089113_20161116_000.pdf
800180553;163211426576233;1;13228216;;893805;17/11/2016;0;6;800180553;EPS008;13228216_20161117_000.pdf
800180553;163161759595856;1;21066854;;893805;16/11/2016;0;6;800180553;EPS008;21066854_20161116_000.pdf
800180553;163226555456734;1;17088649;;893805;21/11/2016;0;6;800180553;EPS008;17088649_20161121_000.pdf
800180553;163211284502465;1;23348368;;893805;23/11/2016;0;6;800180553;EPS008;23348368_20161123_000.pdf
800180553;163216811625407;1;23371271;;893805;22/11/2016;0;6;800180553;EPS008;23371271_20161122_000.pdf
800180553;163209521641782;1;17152074;;893805;18/11/2016;0;6;800180553;EPS008;17152074_20161118_000.pdf
800180553;163146550460830;1;19204713;;893805;17/11/2016;0;6;800180553;EPS008;19204713_20161117_000.pdf
800180553;163076552416159;1;65798027;;893805;22/11/2016;0;6;800180553;EPS008;65798027_20161122_000.pdf
800180553;163207230525481;7;1029147638;;893805;18/11/2016;0;6;800180553;EPS008;1029147638_20161118_000.pdf
800180553;163141071223507;1;51585462;;893805;18/11/2016;0;6;800180553;EPS008;51585462_20161118_000.pdf
800180553;163177064330375;1;20248229;;893805;16/11/2016;0;6;800180553;EPS008;20248229_20161116_000.pdf
800180553;162771315315838;1;20324930;;893805;18/11/2016;0;6;800180553;EPS008;20324930_20161118_000.pdf
800180553;163209974381310;3;1011085821;;893805;22/11/2016;0;6;800180553;EPS008;1011085821_20161122_000.pdf
800180553;163156272621590;1;41730197;;893805;17/11/2016;0;6;800180553;EPS008;41730197_20161117_000.pdf
800180553;163204500359559;1;74423368;;893805;17/11/2016;0;6;800180553;EPS008;74423368_20161117_000.pdf
800180553;162991361408645;7;1017934934;;893805;15/11/2016;0;6;800180553;EPS008;1017934934_20161115_000.pdf
800180553;163179980340882;1;46351258;;893805;15/11/2016;0;6;800180553;EPS008;46351258_20161115_000.pdf
800180553;163202788390766;1;23751747;;893805;17/11/2016;0;6;800180553;EPS008;23751747_20161117_000.pdf
800180553;162717162625835;1;1012394668;;893805;15/11/2016;0;6;800180553;EPS008;1012394668_20161115_000.pdf
800180553;163209975252282;1;20342064;;893805;18/11/2016;0;6;800180553;EPS008;20342064_20161118_000.pdf
800180553;163142140623969;1;23636928;;893805;23/11/2016;0;6;800180553;EPS008;23636928_20161123_000.pdf
800180553;163107352253940;1;9524044;;893805;17/11/2016;0;6;800180553;EPS008;9524044_20161117_000.pdf
800180553;163153330453396;1;1030658634;;893805;16/11/2016;0;6;800180553;EPS008;1030658634_20161116_000.pdf
800180553;163036291294996;3;1014480778;;893805;19/11/2016;0;6;800180553;EPS008;1014480778_20161119_000.pdf
800180553;163132788599156;1;20058549;;893805;16/11/2016;0;6;800180553;EPS008;20058549_20161116_000.pdf
800180553;163157352625186;7;1016060679;;893805;16/11/2016;0;6;800180553;EPS008;1016060679_20161116_000.pdf
800180553;163172118288345;1;41442975;;893805;22/11/2016;0;6;800180553;EPS008;41442975_20161122_002.pdf
800180553;163221228513790;3;1025538730;;893805;21/11/2016;0;6;800180553;EPS008;1025538730_20161121_000.pdf
800180553;162992788442109;1;41490606;;893805;15/11/2016;0;6;800180553;EPS008;41490606_20161115_000.pdf
800180553;163176811239448;1;20951098;;893805;17/11/2016;0;6;800180553;EPS008;20951098_20161117_000.pdf
800180553;162936811409536;1;5710363;;893805;17/11/2016;0;6;800180553;EPS008;5710363_20161117_000.pdf
800180553;163171013386839;3;1010961013;;893805;18/11/2016;0;6;800180553;EPS008;1010961013_20161118_000.pdf
800180553;163106884404184;1;17630383;;893805;21/11/2016;0;6;800180553;EPS008;17630383_20161121_000.pdf
800180553;163131592592227;1;17085815;;893805;23/11/2016;0;6;800180553;EPS008;17085815_20161123_000.pdf
800180553;163161016574590;1;41655168;;893805;15/11/2016;0;6;800180553;EPS008;41655168_20161115_000.pdf
800180553;163206555350553;1;41545498;;893805;16/11/2016;0;6;800180553;EPS008;41545498_20161116_000.pdf
800180553;163167230247205;3;1146884026;;893805;15/11/2016;0;6;800180553;EPS008;1146884026_20161115_000.pdf
800180553;163022779441475;1;17176129;;893805;21/11/2016;0;6;800180553;EPS008;17176129_20161121_000.pdf
800180553;163156550527031;3;1070592816;;893805;22/11/2016;0;6;800180553;EPS008;1070592816_20161122_000.pdf
800180553;163163636317551;1;41705011;;893805;17/11/2016;0;6;800180553;EPS008;41705011_20161117_000.pdf
800180553;163072127558167;1;51664342;;893805;22/11/2016;0;6;800180553;EPS008;51664342_20161122_000.pdf
800180553;163172314264177;1;79283883;;893805;18/11/2016;0;6;800180553;EPS008;79283883_20161118_000.pdf
800180553;163236272466155;3;1003896140;;893805;18/11/2016;0;6;800180553;EPS008;1003896140_20161118_000.pdf
800180553;163143330554667;1;39699936;;893805;17/11/2016;0;6;800180553;EPS008;39699936_20161117_000.pdf
800180553;163107650436802;1;41309349;;893805;15/11/2016;0;6;800180553;EPS008;41309349_20161115_000.pdf
800180553;163136812374039;1;20974709;;893805;17/11/2016;0;6;800180553;EPS008;20974709_20161117_000.pdf
800180553;163177360590377;1;35314971;;893805;18/11/2016;0;6;800180553;EPS008;35314971_20161118_000.pdf
800180553;163228922347421;1;19147284;;893805;22/11/2016;0;6;800180553;EPS008;19147284_20161122_001.pdf
800180553;163272788393408;1;3204034;;893805;23/11/2016;0;6;800180553;EPS008;3204034_20161123_000.pdf
800180553;163097230407576;1;19139349;;893805;23/11/2016;0;6;800180553;EPS008;19139349_20161123_000.pdf
800180553;162781136335818;1;375553;;893805;15/11/2016;0;6;800180553;EPS008;375553_20161115_000.pdf
800180553;163051458452776;1;27979093;;893805;16/11/2016;0;6;800180553;EPS008;27979093_20161116_000.pdf
800180553;163241059366928;1;24617060;;893805;22/11/2016;0;6;800180553;EPS008;24617060_20161122_000.pdf
800180553;163051363340083;1;3181816;;893805;21/11/2016;0;6;800180553;EPS008;3181816_20161121_001.pdf
800180553;163231074465270;1;79703486;;893805;23/11/2016;0;6;800180553;EPS008;79703486_20161123_000.pdf
800180553;163147064449411;1;2919766;;893805;16/11/2016;0;6;800180553;EPS008;2919766_20161116_000.pdf
800180553;162957162273191;1;23540821;;893805;18/11/2016;0;6;800180553;EPS008;23540821_20161118_000.pdf
800180553;163247616311479;1;19476465;;893805;22/11/2016;0;6;800180553;EPS008;19476465_20161122_000.pdf
800180553;163223636351333;1;79251426;;893805;22/11/2016;0;6;800180553;EPS008;79251426_20161122_000.pdf
800180553;163156285617076;7;1013142052;;893805;22/11/2016;0;6;800180553;EPS008;1013142052_20161122_000.pdf
800180553;162989979240788;1;52016617;;893805;19/11/2016;0;6;800180553;EPS008;52016617_20161119_001.pdf
800180553;163106317451015;3;1000611918;;893805;17/11/2016;0;6;800180553;EPS008;1000611918_20161117_000.pdf
800180553;163141351487997;1;20237795;;893805;15/11/2016;0;6;800180553;EPS008;20237795_20161115_000.pdf
800180553;163207162354024;1;23272803;;893805;16/11/2016;0;6;800180553;EPS008;23272803_20161116_000.pdf
800180553;162942286231649;7;1031824508;;893805;17/11/2016;0;6;800180553;EPS008;1031824508_20161117_000.pdf
800180553;163161351381002;7;1027529396;;893805;17/11/2016;0;6;800180553;EPS008;1027529396_20161117_000.pdf
800180553;163066272278649;1;29006689;;893805;18/11/2016;0;6;800180553;EPS008;29006689_20161118_000.pdf
800180553;163166884530888;1;4304947;;893805;16/11/2016;0;6;800180553;EPS008;4304947_20161116_000.pdf
800180553;163006550406929;1;51793502;;893805;21/11/2016;0;6;800180553;EPS008;51793502_20161121_000.pdf
800180553;163138004361433;1;110370;;893805;17/11/2016;0;6;800180553;EPS008;110370_20161117_000.pdf
800180553;163156555287856;3;1010075550;;893805;16/11/2016;0;6;800180553;EPS008;1010075550_20161116_000.pdf
800180553;163133636452528;1;14229562;;893805;15/11/2016;0;6;800180553;EPS008;14229562_20161115_000.pdf
800180553;163237064497138;1;72349195;;893805;21/11/2016;0;6;800180553;EPS008;72349195_20161121_000.pdf
800180553;163142786405090;1;79505528;;893805;22/11/2016;0;6;800180553;EPS008;79505528_20161122_000.pdf
800180553;163013636366219;3;1015999340;;893805;18/11/2016;0;6;800180553;EPS008;1015999340_20161118_000.pdf
800180553;163162788337216;1;19229453;;893805;17/11/2016;0;6;800180553;EPS008;19229453_20161117_000.pdf
800180553;163056550273198;3;1014978574;;893805;17/11/2016;0;6;800180553;EPS008;1014978574_20161117_000.pdf
800180553;163161025477742;1;19118803;;893805;15/11/2016;0;6;800180553;EPS008;19118803_20161115_000.pdf
800180553;163153636588188;1;52836902;;893805;16/11/2016;0;6;800180553;EPS008;52836902_20161116_000.pdf
800180553;163024336465766;1;20926180;;893805;16/11/2016;0;6;800180553;EPS008;20926180_20161116_000.pdf
800180553;162717162631233;1;3240826;;893805;21/11/2016;0;6;800180553;EPS008;3240826_20161121_000.pdf
800180553;163206555429773;1;51683224;;893805;17/11/2016;0;6;800180553;EPS008;51683224_20161117_001.pdf
800180553;163202118383255;1;20181480;;893805;18/11/2016;0;6;800180553;EPS008;20181480_20161118_000.pdf
800180553;162997191596536;1;21221780;;893805;15/11/2016;0;6;800180553;EPS008;21221780_20161115_000.pdf
800180553;163146550311156;1;4173694;;893805;15/11/2016;0;6;800180553;EPS008;4173694_20161115_000.pdf
800180553;163161460298819;1;40758935;;893805;15/11/2016;0;6;800180553;EPS008;40758935_20161115_000.pdf
800180553;162613635416753;1;11437688;;893805;17/11/2016;0;6;800180553;EPS008;11437688_20161117_000.pdf
800180553;163161655323304;1;41483293;;893805;15/11/2016;0;6;800180553;EPS008;41483293_20161115_000.pdf
800180553;163202785612026;1;39688809;;893805;22/11/2016;0;6;800180553;EPS008;39688809_20161122_000.pdf
800180553;163209976307823;1;41483607;;893805;21/11/2016;0;6;800180553;EPS008;41483607_20161121_000.pdf
800180553;163078910534278;1;2900287;;893805;15/11/2016;0;6;800180553;EPS008;2900287_20161115_000.pdf
800180553;163096550293379;1;17188657;;893805;17/11/2016;0;6;800180553;EPS008;17188657_20161117_000.pdf
800180553;162327162484145;1;41748924;;893805;18/11/2016;0;6;800180553;EPS008;41748924_20161118_000.pdf
800180553;163136272258961;1;51780699;;893805;16/11/2016;0;6;800180553;EPS008;51780699_20161116_000.pdf
800180553;163237192574868;1;121911;;893805;22/11/2016;0;6;800180553;EPS008;121911_20161122_000.pdf
800180553;163061120534749;1;11251819;;893805;22/11/2016;0;6;800180553;EPS008;11251819_20161122_000.pdf
800180553;163088004349126;1;20713694;;893805;22/11/2016;0;6;800180553;EPS008;20713694_20161122_000.pdf
800180553;16172788311550;1;3000513;;893805;21/11/2016;0;6;800180553;EPS008;3000513_20161121_000.pdf
800180553;163212779489950;1;1070010866;;893805;22/11/2016;0;6;800180553;EPS008;1070010866_20161122_000.pdf
800180553;163261024459610;7;1072703056;;893805;22/11/2016;0;6;800180553;EPS008;1072703056_20161122_000.pdf
800180553;163156552395901;1;80262915;;893805;15/11/2016;0;6;800180553;EPS008;80262915_20161115_000.pdf
800180553;163236550281518;1;41640527;;893805;22/11/2016;0;6;800180553;EPS008;41640527_20161122_000.pdf
800180553;163107064315653;1;20522003;;893805;19/11/2016;0;6;800180553;EPS008;20522003_20161119_000.pdf
800180553;163232140330801;1;1022932207;;893805;23/11/2016;0;6;800180553;EPS008;1022932207_20161123_000.pdf
800180553;163147196605925;1;80221396;;893805;18/11/2016;0;6;800180553;EPS008;80221396_20161118_000.pdf
800180553;163098004362580;1;19336502;;893805;16/11/2016;0;6;800180553;EPS008;19336502_20161116_000.pdf
800180553;163201120473086;3;1011201961;;893805;21/11/2016;0;6;800180553;EPS008;1011201961_20161121_000.pdf
800180553;162876366439729;7;1028494108;;893805;19/11/2016;0;6;800180553;EPS008;1028494108_20161119_000.pdf
800180553;163221415273609;3;1000728353;;893805;22/11/2016;0;6;800180553;EPS008;1000728353_20161122_000.pdf
800180553;163177195360589;1;20088781;;893805;17/11/2016;0;6;800180553;EPS008;20088781_20161117_000.pdf
800180553;162941024612305;1;16242573;;893805;17/11/2016;0;6;800180553;EPS008;16242573_20161117_000.pdf
800180553;163137008310769;1;51601079;;893805;15/11/2016;0;6;800180553;EPS008;51601079_20161115_000.pdf
800180553;163101315416157;1;20139309;;893805;21/11/2016;0;6;800180553;EPS008;20139309_20161121_000.pdf
800180553;163156552402573;1;36156992;;893805;17/11/2016;0;6;800180553;EPS008;36156992_20161117_000.pdf
800180553;162706317483048;1;3019388;;893805;23/11/2016;0;6;800180553;EPS008;3019388_20161123_000.pdf
800180553;162777230600908;1;21172156;;893805;21/11/2016;0;6;800180553;EPS008;21172156_20161121_000.pdf
800180553;163157650318072;7;1013265731;;893805;18/11/2016;0;6;800180553;EPS008;1013265731_20161118_000.pdf
800180553;163161120537642;1;80160087;;893805;18/11/2016;0;6;800180553;EPS008;80160087_20161118_000.pdf
800180553;163179980344561;1;17053383;;893805;23/11/2016;0;6;800180553;EPS008;17053383_20161123_000.pdf
800180553;162752140295949;1;41782344;;893805;15/11/2016;0;6;800180553;EPS008;41782344_20161115_000.pdf
800180553;163153636290459;1;79656752;;893805;15/11/2016;0;6;800180553;EPS008;79656752_20161115_000.pdf
800180553;163036366382547;1;51838685;;893805;15/11/2016;0;6;800180553;EPS008;51838685_20161115_000.pdf
800180553;163147064404835;1;41381706;;893805;15/11/2016;0;6;800180553;EPS008;41381706_20161115_000.pdf
800180553;163218028580114;7;1054885897;;893805;18/11/2016;0;6;800180553;EPS008;1054885897_20161118_000.pdf
800180553;163167195267586;1;79379249;;893805;16/11/2016;0;6;800180553;EPS008;79379249_20161116_000.pdf
800180553;163013330350009;3;1001175909;;893805;17/11/2016;0;6;800180553;EPS008;1001175909_20161117_000.pdf
800180553;162879017285549;3;1010761661;;893805;15/11/2016;0;6;800180553;EPS008;1010761661_20161115_000.pdf
800180553;163172045332073;1;79396319;;893805;15/11/2016;0;6;800180553;EPS008;79396319_20161115_000.pdf
800180553;163159980293099;1;28139783;;893805;15/11/2016;0;6;800180553;EPS008;28139783_20161115_000.pdf
800180553;163152788424508;1;38890308;;893805;15/11/2016;0;6;800180553;EPS008;38890308_20161115_000.pdf
800180553;162441351279470;7;1011103300;;893805;15/11/2016;0;6;800180553;EPS008;1011103300_20161115_000.pdf
800180553;163098004556984;1;39559513;;893805;15/11/2016;0;6;800180553;EPS008;39559513_20161115_000.pdf
800180553;163172986438773;1;39639635;;893805;16/11/2016;0;6;800180553;EPS008;39639635_20161116_000.pdf
800180553;163087368580567;1;79854697;;893805;16/11/2016;0;6;800180553;EPS008;79854697_20161116_000.pdf
800180553;163136552299610;1;51640355;;893805;16/11/2016;0;6;800180553;EPS008;51640355_20161116_000.pdf
800180553;163071655316377;1;52462085;;893805;16/11/2016;0;6;800180553;EPS008;52462085_20161116_000.pdf
800180553;162797064595476;1;17066031;;893805;16/11/2016;0;6;800180553;EPS008;17066031_20161116_001.pdf
800180553;163017616587007;1;41644629;;893805;17/11/2016;0;6;800180553;EPS008;41644629_20161117_000.pdf
800180553;163206813372921;1;16625249;;893805;17/11/2016;0;6;800180553;EPS008;16625249_20161117_000.pdf
800180553;163226555283604;1;1015419409;;893805;18/11/2016;0;6;800180553;EPS008;1015419409_20161118_000.pdf
800180553;162825812410925;1;19290875;;893805;18/11/2016;0;6;800180553;EPS008;19290875_20161118_000.pdf
800180553;163236884464684;1;19255878;;893805;18/11/2016;0;6;800180553;EPS008;19255878_20161118_000.pdf
800180553;163222785407357;1;60322886;;893805;18/11/2016;0;6;800180553;EPS008;60322886_20161118_000.pdf
800180553;163239979495705;1;39528889;;893805;19/11/2016;0;6;800180553;EPS008;39528889_20161119_000.pdf
800180553;163059976427683;1;19395340;;893805;21/11/2016;0;6;800180553;EPS008;19395340_20161121_000.pdf
800180553;163201120428151;1;41568796;;893805;21/11/2016;0;6;800180553;EPS008;41568796_20161121_000.pdf
800180553;163205812276885;3;1010966048;;893805;21/11/2016;0;6;800180553;EPS008;1010966048_20161121_000.pdf
800180553;163228004463191;1;80200736;;893805;21/11/2016;0;6;800180553;EPS008;80200736_20161121_000.pdf
800180553;163247192332805;1;79897770;;893805;21/11/2016;0;6;800180553;EPS008;79897770_20161121_000.pdf
800180553;162757162461545;1;51755638;;893805;21/11/2016;0;6;800180553;EPS008;51755638_20161121_000.pdf
800180553;163266812287636;1;41542866;;893805;22/11/2016;0;6;800180553;EPS008;41542866_20161122_000.pdf
800180553;163157162631775;1;41545295;;893805;22/11/2016;0;6;800180553;EPS008;41545295_20161122_000.pdf
800180553;163151426699317;1;79415848;;893805;22/11/2016;0;6;800180553;EPS008;79415848_20161122_000.pdf
800180553;163231015303573;1;41691134;;893805;22/11/2016;0;6;800180553;EPS008;41691134_20161122_000.pdf
800180553;163266813258368;1;35500683;;893805;22/11/2016;0;6;800180553;EPS008;35500683_20161122_000.pdf
800180553;163227352285683;1;51590941;;893805;22/11/2016;0;6;800180553;EPS008;51590941_20161122_000.pdf
800180553;163209976499061;1;38233542;;893805;22/11/2016;0;6;800180553;EPS008;38233542_20161122_000.pdf
800180553;163236317372663;1;21101306;;893805;22/11/2016;0;6;800180553;EPS008;21101306_20161122_000.pdf
800180553;163019975607689;1;41305576;;893805;22/11/2016;0;6;800180553;EPS008;41305576_20161122_000.pdf
800180553;162987358332820;3;99073014367;;893805;22/11/2016;0;6;800180553;EPS008;99073014367_20161122_000.pdf
800180553;163239976490838;7;1023388342;;893805;23/11/2016;0;6;800180553;EPS008;1023388342_20161123_000.pdf
800180553;163061120521759;1;6742531;;893805;15/11/2016;0;6;800180553;EPS008;6742531_20161115_000.pdf
800180553;163151426565160;1;19051910;;893805;15/11/2016;0;6;800180553;EPS008;19051910_20161115_000.pdf
800180553;163162045458622;1;41553713;;893808;15/11/2016;0;6;800180553;EPS008;41553713_20161115_000.pdf
800180553;163167008354816;1;41597806;;893805;15/11/2016;0;6;800180553;EPS008;41597806_20161115_000.pdf
800180553;162781136335818;1;375553;;893805;15/11/2016;0;6;800180553;EPS008;375553_20161115_000.pdf
800180553;163133636452528;1;14229562;;893805;15/11/2016;0;6;800180553;EPS008;14229562_20161115_000.pdf
800180553;163026366570036;1;19409698;;893805;16/11/2016;0;6;800180553;EPS008;19409698_20161116_000.pdf
800180553;163153578594052;1;1020745653;;893805;16/11/2016;0;6;800180553;EPS008;1020745653_20161116_000.pdf
800180553;163133330587632;1;2265070;;893805;16/11/2016;0;6;800180553;EPS008;2265070_20161116_000.pdf
800180553;163179830449430;1;35402358;;893805;16/11/2016;0;6;800180553;EPS008;35402358_20161116_000.pdf
800180553;163089014556221;1;21068407;;893805;16/11/2016;0;6;800180553;EPS008;21068407_20161116_000.pdf
800180553;163211110393036;1;3228356;;893805;18/11/2016;0;6;800180553;EPS008;3228356_20161118_000.pdf
800180553;163212785421677;1;20138174;;893805;18/11/2016;0;6;800180553;EPS008;20138174_20161118_000.pdf
800180553;163072779421516;1;51824206;;893805;18/11/2016;0;6;800180553;EPS008;51824206_20161118_000.pdf
800180553;163156550392641;1;41398915;;893805;18/11/2016;0;6;800180553;EPS008;41398915_20161118_000.pdf
800180553;163164500612868;1;41379373;;893805;17/11/2016;0;6;800180553;EPS008;41379373_20161117_001.pdf
800180553;163014336467922;3;1010961657;;893805;19/11/2016;0;6;800180553;EPS008;1010961657_20161119_000.pdf
800180553;163097162398138;1;41389590;;893805;19/11/2016;0;6;800180553;EPS008;41389590_20161119_000.pdf
800180553;163222788469378;1;23264689;;893805;21/11/2016;0;6;800180553;EPS008;23264689_20161121_000.pdf
800180553;163091315366890;7;1011105398;;893805;21/11/2016;0;6;800180553;EPS008;1011105398_20161121_000.pdf
800180553;163212788345212;1;51895262;;893805;21/11/2016;0;6;800180553;EPS008;51895262_20161121_000.pdf
800180553;163029976305218;7;1016956972;;893805;22/11/2016;0;6;800180553;EPS008;1016956972_20161122_000.pdf
800180553;163227162273138;1;85444312;;893805;22/11/2016;0;6;800180553;EPS008;85444312_20161122_000.pdf
800180553;163227368342033;1;79128199;;893805;22/11/2016;0;6;800180553;EPS008;79128199_20161122_000.pdf
800180553;162631021572172;1;41637391;;893805;22/11/2016;0;6;800180553;EPS008;41637391_20161122_000.pdf
800180553;163146272424011;1;294209;;893805;22/11/2016;0;6;800180553;EPS008;294209_20161122_000.pdf
800180553;163159011420284;1;51605294;;893805;22/11/2016;0;6;800180553;EPS008;51605294_20161122_000.pdf
800180553;162991120392978;3;1033105109;;893805;22/11/2016;0;6;800180553;EPS008;1033105109_20161122_000.pdf
800180553;163266862662270;1;41409771;;893805;22/11/2016;0;6;800180553;EPS008;41409771_20161122_000.pdf
800180553;163207064659978;1;52440715;;893805;22/11/2016;0;6;800180553;EPS008;52440715_20161122_000.pdf
800180553;163142786360757;1;20675712;;893805;23/11/2016;0;6;800180553;EPS008;20675712_20161123_000.pdf
800180553;162992154272806;3;1019602924;;893805;23/11/2016;0;6;800180553;EPS008;1019602924_20161123_000.pdf
800180553;163201025397909;1;39530245;;893805;23/11/2016;0;6;800180553;EPS008;39530245_20161123_000.pdf
800180553;163026560334395;7;1016959708;;893805;23/11/2016;0;6;800180553;EPS008;1016959708_20161123_000.pdf
