800180553;160637161674962;1;28422914;;893805;08/03/2016;0;6;800180553;EPS008;28422914_20160308_000.pdf
800180553;160419011322724;1;39614763;;893805;08/03/2016;0;6;800180553;EPS008;39614763_20160308_000.pdf
800180553;160627650384732;3;1034518085;;893805;08/03/2016;0;6;800180553;EPS008;1034518085_20160308_000.pdf
800180553;160646814372028;1;41488096;;893805;08/03/2016;0;6;800180553;EPS008;41488096_20160308_000.pdf
800180553;153217161669338;1;28837897;;893805;08/03/2016;0;6;800180553;EPS008;28837897_20160308_000.pdf
800180553;160501025617714;1;21070705;;893805;08/03/2016;0;6;800180553;EPS008;21070705_20160308_000.pdf
800180553;160626550313449;1;6400097;;893805;08/03/2016;0;6;800180553;EPS008;6400097_20160308_000.pdf
800180553;160638050352017;1;41515554;;893805;08/03/2016;0;6;800180553;EPS008;41515554_20160308_000.pdf
800180553;160449974315516;1;19253311;;893805;08/03/2016;0;6;800180553;EPS008;19253311_20160308_000.pdf
800180553;160567064493261;1;79827115;;893805;08/03/2016;0;6;800180553;EPS008;79827115_20160308_001.pdf
800180553;160567008456481;1;17138148;;893805;08/03/2016;0;6;800180553;EPS008;17138148_20160308_000.pdf
800180553;160567064493261;1;79827115;;893805;08/03/2016;0;6;800180553;EPS008;79827115_20160308_001.pdf
800180553;160603636420161;1;2898;;893805;08/03/2016;0;6;800180553;EPS008;2898_20160308_000.pdf
800180553;160622788306849;1;80417006;;893805;08/03/2016;0;6;800180553;EPS008;80417006_20160308_000.pdf
800180553;160646558328449;1;79624028;;893805;08/03/2016;0;6;800180553;EPS008;79624028_20160308_000.pdf
800180553;160567064493261;1;79827115;;893805;08/03/2016;0;6;800180553;EPS008;79827115_20160308_001.pdf
800180553;160641415259958;3;1141319579;;893805;08/03/2016;0;6;800180553;EPS008;1141319579_20160308_000.pdf
800180553;160581094282542;7;1011103462;;893805;08/03/2016;0;6;800180553;EPS008;1011103462_20160308_000.pdf
800180553;160496811583548;1;1028576;;893805;08/03/2016;0;6;800180553;EPS008;1028576_20160308_000.pdf
800180553;160612788370788;1;28804629;;893805;08/03/2016;0;6;800180553;EPS008;28804629_20160308_000.pdf
